 ****** Matrix           1 ******
 a) Input matrix
         6.000000000000000E+00         2.000000000000000E+00         1.000000000000000E+00        -1.000000000000000E+00
         2.000000000000000E+00         4.000000000000000E+00         1.000000000000000E+00         0.000000000000000E+00
         1.000000000000000E+00         1.000000000000000E+00         4.000000000000000E+00        -1.000000000000000E+00
        -1.000000000000000E+00         0.000000000000000E+00        -1.000000000000000E+00         3.000000000000000E+00
 b) Transformed matrix
         2.146596908569336E-01        -1.047120522707701E-02        -1.047120466828346E-01         6.806283444166183E-02
        -1.047120336443186E-02         2.931936979293823E-01        -6.806282699108124E-02         9.424083679914474E-02
        -1.047120466828346E-01        -6.806282699108124E-02         3.193717300891876E-01        -5.759162828326225E-02
         6.806283444166183E-02         9.424083679914474E-02        -5.759162828326225E-02         3.874345719814301E-01
 c) The permutation vectors p and q
           p = [           1           3           2           4]
           q = [           1           3           2           4]
 d) Inverse matrix
         2.146596908569336E-01        -1.047120466828346E-01        -1.047120522707701E-02         6.806283444166183E-02
        -1.047120466828346E-01         3.193717300891876E-01        -6.806282699108124E-02        -5.759162828326225E-02
        -1.047120336443186E-02        -6.806282699108124E-02         2.931936979293823E-01         9.424083679914474E-02
         6.806283444166183E-02        -5.759162828326225E-02         9.424083679914474E-02         3.874345719814301E-01
 e) Determinant of matrix
           det =      191.000
 f) Condition numbers
 1-norm based condition number:
         6.073298454284668E+00
 F-norm based condition number:
         6.463549613952637E+00
 Infinity-norm based condition number:
         6.073298454284668E+00
 ********************************
 
 ****** Matrix           2 ******
 a) Input matrix
         3.000000000000000E+00         8.000000000000000E+00         4.000000000000000E+00         5.000000000000000E+00
         4.000000000000000E+00         9.000000000000000E+00         6.000000000000000E+00         7.000000000000000E+00
         2.000000000000000E+00         5.000000000000000E+00         7.000000000000000E+00         6.000000000000000E+00
         7.000000000000000E+00         7.000000000000000E+00         6.000000000000000E+00         9.000000000000000E+00
 b) Transformed matrix
        -8.000008583068848E+00         1.000001192092896E+00         2.000002622604370E+00         7.000006675720215E+00
        -1.090000915527344E+02         1.500001335144043E+01         2.800002861022949E+01         9.200007629394531E+01
        -9.600009918212891E+01         1.300001335144043E+01         2.500003051757813E+01         8.100007629394531E+01
         1.550001525878906E+02        -2.100002098083496E+01        -4.000004577636719E+01        -1.310001220703125E+02
 c) The permutation vectors p and q
           p = [           2           4           3           1]
           q = [           2           1           3           4]
 d) Inverse matrix
         9.200007629394531E+01        -1.090000915527344E+02         2.800002861022949E+01         1.500001335144043E+01
         7.000006675720215E+00        -8.000008583068848E+00         2.000002622604370E+00         1.000001192092896E+00
         8.100007629394531E+01        -9.600009918212891E+01         2.500003051757813E+01         1.300001335144043E+01
        -1.310001220703125E+02         1.550001525878906E+02        -4.000004577636719E+01        -2.100002098083496E+01
 e) Determinant of matrix
           det =     0.999999
 f) Condition numbers
 1-norm based condition number:
         1.067201074218750E+04
 F-norm based condition number:
         7.126979980468750E+03
 Infinity-norm based condition number:
         1.006300976562500E+04
 ********************************
 
 ****** Matrix           3 ******
 a) Input matrix
         1.200000000000000E+01         2.500000000000000E+01        -1.700000000000000E+01         3.300000000000000E+01         2.800000000000000E+01         4.200000000000000E+01
        -2.700000000000000E+01         3.500000000000000E+01         1.500000000000000E+01         4.600000000000000E+01         5.700000000000000E+01         3.000000000000000E+01
         1.100000000000000E+01         1.700000000000000E+01         3.400000000000000E+01         4.200000000000000E+01         2.500000000000000E+01         5.500000000000000E+01
         4.400000000000000E+01         3.600000000000000E+01        -2.700000000000000E+01         5.200000000000000E+01         1.500000000000000E+01        -3.300000000000000E+01
        -3.700000000000000E+01         4.500000000000000E+01         1.800000000000000E+01         3.100000000000000E+01         2.300000000000000E+01         4.900000000000000E+01
         1.400000000000000E+01         2.500000000000000E+01         3.400000000000000E+01         4.300000000000000E+01         5.200000000000000E+01         4.100000000000000E+01
 b) Transformed matrix
         7.744029629975557E-03        -6.836397573351860E-03        -2.412896975874901E-02        -9.250859729945660E-03         7.920616306364536E-03         2.414140664041042E-02
        -2.325667254626751E-02         3.161893924698234E-03        -1.106573920696974E-02         2.101801335811615E-03         6.015623919665813E-03         2.573204785585403E-02
        -6.988415028899908E-03        -7.536483928561211E-03         5.495120305567980E-03         1.989798620343208E-03         1.517884712666273E-02        -1.860849442891777E-03
        -3.358972072601318E-02         7.559179328382015E-03        -3.553816676139832E-02         3.626590222120285E-02        -1.421819208189845E-03         3.644953668117523E-02
        -9.057736024260521E-03         1.158524770289660E-03         2.893271623179317E-03         7.996650412678719E-03        -2.169992029666901E-02         1.635107956826687E-02
         3.156128153204918E-02         9.112852625548840E-03         4.591650888323784E-02        -1.880223117768765E-02        -8.025135844945908E-03        -4.666237533092499E-02
 c) The permutation vectors p and q
           p = [           2           4           3           5           1           6]
           q = [           5           1           6           2           3           4]
 d) Inverse matrix
         6.015623919665813E-03        -2.325667254626751E-02        -1.106573920696974E-02         3.161893924698234E-03         2.101801335811615E-03         2.573204785585403E-02
        -1.421819208189845E-03        -3.358972072601318E-02        -3.553816676139832E-02         7.559179328382015E-03         3.626590222120285E-02         3.644953668117523E-02
        -2.169992029666901E-02        -9.057736024260521E-03         2.893271623179317E-03         1.158524770289660E-03         7.996650412678719E-03         1.635107956826687E-02
        -8.025135844945908E-03         3.156128153204918E-02         4.591650888323784E-02         9.112852625548840E-03        -1.880223117768765E-02        -4.666237533092499E-02
         7.920616306364536E-03         7.744029629975557E-03        -2.412896975874901E-02        -6.836397573351860E-03        -9.250859729945660E-03         2.414140664041042E-02
         1.517884712666273E-02        -6.988415028899908E-03         5.495120305567980E-03        -7.536483928561211E-03         1.989798620343208E-03        -1.860849442891777E-03
 e) Determinant of matrix
           det =     7.243897E+09
 f) Condition numbers
 1-norm based condition number:
         3.779932022094727E+01
 F-norm based condition number:
         2.561570167541504E+01
 Infinity-norm based condition number:
         3.361687850952148E+01
 ********************************
 
 ****** Matrix           4 ******
 a) Input matrix
         1.000000000000000E+00         1.000000000000000E+00         1.000000000000000E+00         1.000000000000000E+00         1.000000000000000E+00         1.000000000000000E+00
         1.000000000000000E+00         2.000000000000000E+00         4.000000000000000E+00         8.000000000000000E+00         1.600000000000000E+01         3.200000000000000E+01
         1.000000000000000E+00         3.000000000000000E+00         9.000000000000000E+00         2.700000000000000E+01         8.100000000000000E+01         2.430000000000000E+02
         1.000000000000000E+00         4.000000000000000E+00         1.600000000000000E+01         6.400000000000000E+01         2.560000000000000E+02         1.024000000000000E+03
         1.000000000000000E+00         5.000000000000000E+00         2.500000000000000E+01         1.250000000000000E+02         6.250000000000000E+02         3.125000000000000E+03
         1.000000000000000E+00         6.000000000000000E+00         3.600000000000000E+01         2.160000000000000E+02         1.296000000000000E+03         7.776000000000000E+03
 b) Transformed matrix
         8.333193138241768E-03        -4.166586697101593E-02        -8.333120495080948E-02        -8.333050645887852E-03         4.166544228792191E-02         8.333149552345276E-02
        -1.249975487589836E-01         6.666527390480042E-01         1.499963045120239E+00         1.666617244482040E-01        -7.916453480720520E-01        -1.416634678840637E+00
         7.083179354667664E-01        -3.958246231079102E+00        -1.008310317993164E+01        -1.291635990142822E+00         5.708200931549072E+00         8.916466712951660E+00
        -9.999745488166809E-01         5.999855995178223E+00         1.999962234497070E+01         5.999950408935547E+00        -1.499978446960449E+01        -1.499967193603516E+01
        -1.874956130981445E+00         1.083308506011963E+01         3.099934577941895E+01         4.833246707916260E+00        -1.920795822143555E+01        -2.558276557922363E+01
         2.283277034759521E+00        -1.349968147277832E+01        -4.233249664306641E+01        -8.699889183044434E+00         2.924952125549316E+01         3.299927139282227E+01
 c) The permutation vectors p and q
           p = [           6           5           3           1           2           4]
           q = [           6           5           4           1           3           2]
 d) Inverse matrix
         5.999950408935547E+00        -1.499978446960449E+01         1.999962234497070E+01        -1.499967193603516E+01         5.999855995178223E+00        -9.999745488166809E-01
        -8.699889183044434E+00         2.924952125549316E+01        -4.233249664306641E+01         3.299927139282227E+01        -1.349968147277832E+01         2.283277034759521E+00
         4.833246707916260E+00        -1.920795822143555E+01         3.099934577941895E+01        -2.558276557922363E+01         1.083308506011963E+01        -1.874956130981445E+00
        -1.291635990142822E+00         5.708200931549072E+00        -1.008310317993164E+01         8.916466712951660E+00        -3.958246231079102E+00         7.083179354667664E-01
         1.666617244482040E-01        -7.916453480720520E-01         1.499963045120239E+00        -1.416634678840637E+00         6.666527390480042E-01        -1.249975487589836E-01
        -8.333050645887852E-03         4.166544228792191E-02        -8.333120495080948E-02         8.333149552345276E-02        -4.166586697101593E-02         8.333193138241768E-03
 e) Determinant of matrix
           det =      34560.7
 f) Condition numbers
 1-norm based condition number:
         1.281078875000000E+06
 F-norm based condition number:
         7.321669375000000E+05
 Infinity-norm based condition number:
         1.204297375000000E+06
 ********************************
 
 ****** Matrix           5 ******
 a) Input matrix
         1.000000000000000E+00         5.000000000000000E-01         3.333333432674408E-01         2.500000000000000E-01         2.000000029802322E-01
         5.000000000000000E-01         3.333333432674408E-01         2.500000000000000E-01         2.000000029802322E-01         1.666666716337204E-01
         3.333333432674408E-01         2.500000000000000E-01         2.000000029802322E-01         1.666666716337204E-01         1.428571492433548E-01
         2.500000000000000E-01         2.000000029802322E-01         1.666666716337204E-01         1.428571492433548E-01         1.250000000000000E-01
         2.000000029802322E-01         1.666666716337204E-01         1.428571492433548E-01         1.250000000000000E-01         1.111111119389534E-01
 b) Transformed matrix
         2.499360275268555E+01         1.049486083984375E+03         6.296184692382813E+02        -2.998810729980469E+02        -1.399221923828125E+03
         1.049500610351563E+03         7.933943750000000E+04         5.666976171875000E+04        -1.889064843750000E+04        -1.175384375000000E+05
         6.296330566406250E+02         5.667007812500000E+04         4.407766796875000E+04        -1.259311035156250E+04        -8.815455468750000E+04
        -2.998833312988281E+02        -1.889055664062500E+04        -1.259296972656250E+04         4.797820312500000E+03         2.686567968750000E+04
        -1.399248535156250E+03        -1.175388203125000E+05        -8.815435937500000E+04         2.686590625000000E+04         1.791070937500000E+05
 c) The permutation vectors p and q
           p = [           1           3           5           2           4]
           q = [           1           3           5           2           4]
 d) Inverse matrix
         2.499360275268555E+01        -2.998810729980469E+02         1.049486083984375E+03        -1.399221923828125E+03         6.296184692382813E+02
        -2.998833312988281E+02         4.797820312500000E+03        -1.889055664062500E+04         2.686567968750000E+04        -1.259296972656250E+04
         1.049500610351563E+03        -1.889064843750000E+04         7.933943750000000E+04        -1.175384375000000E+05         5.666976171875000E+04
        -1.399248535156250E+03         2.686590625000000E+04        -1.175388203125000E+05         1.791070937500000E+05        -8.815435937500000E+04
         6.296330566406250E+02        -1.259311035156250E+04         5.667007812500000E+04        -8.815455468750000E+04         4.407766796875000E+04
 e) Determinant of matrix
           det =     3.751273E-12
 f) Condition numbers
 1-norm based condition number:
         9.431651875000000E+05
 F-norm based condition number:
         4.805993750000000E+05
 Infinity-norm based condition number:
         9.431661875000000E+05
 ********************************
 
 ****** Matrix           6 ******
 a) Input matrix
         9.900000000000000E+01         9.900000000000000E+01         9.900000000000000E+01         9.900000000000000E+01         9.900000000000000E+01         9.900000000000000E+01
         9.900000000000000E+01         9.900000000000000E+01         9.900000000000000E+01         9.900000000000000E+01         9.900000000000000E+01         9.900000000000000E+01
         9.900000000000000E+01         9.900000000000000E+01         9.900000000000000E+01         9.900000000000000E+01         9.900000000000000E+01         9.900000000000000E+01
         9.900000000000000E+01         9.900000000000000E+01         9.900000000000000E+01         9.900000000000000E+01         9.900000000000000E+01         9.900000000000000E+01
         9.900000000000000E+01         9.900000000000000E+01         9.900000000000000E+01         9.900000000000000E+01         9.900000000000000E+01         9.900000000000000E+01
         9.900000000000000E+01         9.900000000000000E+01         9.900000000000000E+01         9.900000000000000E+01         9.900000000000000E+01         9.900000000000000E+01
 b) Transformed matrix
         1.010101009160280E-02         1.000000000000000E+00         1.000000000000000E+00         1.000000000000000E+00         1.000000000000000E+00         1.000000000000000E+00
        -1.000000000000000E+00         0.000000000000000E+00         0.000000000000000E+00         0.000000000000000E+00         0.000000000000000E+00         0.000000000000000E+00
        -1.000000000000000E+00         0.000000000000000E+00         0.000000000000000E+00         0.000000000000000E+00         0.000000000000000E+00         0.000000000000000E+00
        -1.000000000000000E+00         0.000000000000000E+00         0.000000000000000E+00         0.000000000000000E+00         0.000000000000000E+00         0.000000000000000E+00
        -1.000000000000000E+00         0.000000000000000E+00         0.000000000000000E+00         0.000000000000000E+00         0.000000000000000E+00         0.000000000000000E+00
        -1.000000000000000E+00         0.000000000000000E+00         0.000000000000000E+00         0.000000000000000E+00         0.000000000000000E+00         0.000000000000000E+00
 c) The permutation vectors p and q
           p = [           1           2           3           4           5           6]
           q = [           1           2           3           4           5           6]
 d) Inverse matrix
         1.010101009160280E-02         1.000000000000000E+00         1.000000000000000E+00         1.000000000000000E+00         1.000000000000000E+00         1.000000000000000E+00
        -1.000000000000000E+00         0.000000000000000E+00         0.000000000000000E+00         0.000000000000000E+00         0.000000000000000E+00         0.000000000000000E+00
        -1.000000000000000E+00         0.000000000000000E+00         0.000000000000000E+00         0.000000000000000E+00         0.000000000000000E+00         0.000000000000000E+00
        -1.000000000000000E+00         0.000000000000000E+00         0.000000000000000E+00         0.000000000000000E+00         0.000000000000000E+00         0.000000000000000E+00
        -1.000000000000000E+00         0.000000000000000E+00         0.000000000000000E+00         0.000000000000000E+00         0.000000000000000E+00         0.000000000000000E+00
        -1.000000000000000E+00         0.000000000000000E+00         0.000000000000000E+00         0.000000000000000E+00         0.000000000000000E+00         0.000000000000000E+00
 e) Determinant of matrix
           det =      0.00000
 f) Condition numbers
 1-norm based condition number:
         2.976000000000000E+03
 F-norm based condition number:
         1.878402587890625E+03
 Infinity-norm based condition number:
         2.976000000000000E+03
 ********************************
 
